pk1: 59.85999999999999
pk2: 62.36
pk3: 67.24
pk4: 73.16
pk5: 79.58000000000001
pk6: 81.34
pk7: 82.3
pk8: 85.88000000000001
pk9: 87.0
pk10: 87.56
pk: 87.56
pk_avg: 76.628
