pk1: 54.04
pk2: 59.1
pk3: 62.839999999999996
pk4: 66.9
pk5: 71.72
pk6: 75.46000000000001
pk7: 78.16000000000001
pk8: 78.36
pk9: 81.84
pk10: 83.53999999999999
pk: 83.53999999999999
pk_avg: 71.196
