pk1: 55.52
pk2: 62.02
pk3: 62.64
pk4: 67.28
pk5: 70.47999999999999
pk6: 72.3
pk7: 74.03999999999999
pk8: 77.92
pk9: 78.26000000000002
pk10: 81.28
pk: 81.28
pk_avg: 70.174
