pk1: 58.35999999999999
pk2: 62.879999999999995
pk3: 66.75999999999999
pk4: 70.9
pk5: 76.82000000000001
pk6: 80.52000000000001
pk7: 81.44
pk8: 83.73999999999998
pk9: 83.53999999999999
pk10: 86.67999999999999
pk: 86.67999999999999
pk_avg: 75.16399999999999
