pk1: 53.160000000000004
pk2: 57.61999999999999
pk3: 60.620000000000005
pk4: 64.52000000000001
pk5: 68.12
pk6: 71.75999999999999
pk7: 73.22
pk8: 74.91999999999999
pk9: 75.42
pk10: 79.24
pk: 79.24
pk_avg: 67.86
