pk1: 56.04
pk2: 61.64
pk3: 64.9
pk4: 70.67999999999999
pk5: 73.55999999999999
pk6: 76.4
pk7: 78.58000000000001
pk8: 80.66
pk9: 81.1
pk10: 83.33999999999999
pk: 83.33999999999999
pk_avg: 72.69000000000001
