pk1: 76.14657210401892
pk2: 85.53191489361703
pk3: 93.40425531914893
pk4: 96.31205673758865
pk5: 98.72340425531915
pk6: 99.07801418439716
pk7: 99.36170212765957
pk8: 99.8581560283688
pk9: 99.50354609929079
pk10: 99.71631205673759
pk: 99.71631205673759
pk_avg: 94.76359338061467
