pk1: 73.38061465721042
pk2: 78.98345153664303
pk3: 89.71631205673759
pk4: 94.04255319148936
pk5: 95.3664302600473
pk6: 97.65957446808511
pk7: 98.15602836879432
pk8: 98.72340425531915
pk9: 98.93617021276596
pk10: 99.57446808510639
pk: 99.57446808510639
pk_avg: 92.45390070921988
