pk1: 59.25999999999999
pk2: 64.54
pk3: 70.11999999999999
pk4: 79.4
pk5: 84.29999999999998
pk6: 88.66000000000001
pk7: 90.3
pk8: 92.9
pk9: 93.76
pk10: 95.41999999999999
pk: 95.41999999999999
pk_avg: 81.866
