pk1: 56.3
pk2: 60.779999999999994
pk3: 63.720000000000006
pk4: 66.6
pk5: 69.02
pk6: 71.82
pk7: 72.0
pk8: 75.84
pk9: 76.38
pk10: 79.67999999999999
pk: 79.67999999999999
pk_avg: 69.21399999999998
