pk1: 59.519999999999996
pk2: 65.52000000000001
pk3: 67.96000000000001
pk4: 74.08
pk5: 79.62
pk6: 83.17999999999999
pk7: 86.05999999999999
pk8: 88.78
pk9: 89.66
pk10: 90.58
pk: 90.58
pk_avg: 78.49600000000001
