pk1: 59.31999999999999
pk2: 63.64000000000001
pk3: 69.67999999999999
pk4: 75.22
pk5: 80.3
pk6: 84.74
pk7: 86.41999999999999
pk8: 89.6
pk9: 90.24000000000001
pk10: 91.46000000000001
pk: 91.46000000000001
pk_avg: 79.062
