pk1: 63.64066193853427
pk2: 70.89834515366431
pk3: 78.22695035460993
pk4: 85.53191489361703
pk5: 87.44680851063829
pk6: 93.75886524822695
pk7: 95.95744680851064
pk8: 97.44680851063829
pk9: 97.94326241134752
pk10: 98.51063829787235
pk: 98.51063829787235
pk_avg: 86.93617021276596
