pk1: 62.17494089834516
pk2: 69.69267139479906
pk3: 90.99290780141844
pk4: 97.09219858156028
pk5: 97.94326241134752
pk6: 99.00709219858156
pk7: 99.43262411347517
pk8: 99.64539007092199
pk9: 99.71631205673759
pk10: 99.7872340425532
pk: 99.7872340425532
pk_avg: 91.548463356974
