pk1: 72.62411347517731
pk2: 78.27423167848701
pk3: 84.08983451536643
pk4: 88.29787234042553
pk5: 88.15602836879432
pk6: 88.41607565011822
pk7: 89.9290780141844
pk8: 91.41843971631205
pk9: 91.70212765957447
pk10: 93.98176291793314
pk: 93.98176291793314
pk_avg: 86.68895643363729
