pk1: 59.67999999999999
pk2: 64.66
pk3: 68.0
pk4: 75.36
pk5: 80.60000000000001
pk6: 84.76
pk7: 88.34
pk8: 88.2
pk9: 89.4
pk10: 89.84
pk: 89.84
pk_avg: 78.884
