pk1: 56.779999999999994
pk2: 62.48
pk3: 67.02000000000001
pk4: 70.92
pk5: 74.85999999999999
pk6: 80.22
pk7: 80.76
pk8: 82.08
pk9: 84.8
pk10: 88.29999999999998
pk: 88.29999999999998
pk_avg: 74.82199999999997
