pk1: 58.720000000000006
pk2: 63.52
pk3: 67.02000000000001
pk4: 72.17999999999998
pk5: 77.06
pk6: 82.47999999999999
pk7: 84.79999999999998
pk8: 88.0
pk9: 88.6
pk10: 89.14
pk: 89.14
pk_avg: 77.152
