pk1: 71.04018912529551
pk2: 77.80141843971631
pk3: 86.24113475177305
pk4: 95.46099290780141
pk5: 96.95035460992908
pk6: 97.30496453900709
pk7: 98.08510638297872
pk8: 99.36170212765957
pk9: 99.43262411347517
pk10: 99.7872340425532
pk: 99.7872340425532
pk_avg: 92.14657210401892
