pk1: 54.84000000000001
pk2: 61.540000000000006
pk3: 64.20000000000002
pk4: 66.4
pk5: 68.52000000000001
pk6: 70.24
pk7: 72.2
pk8: 73.3
pk9: 73.5
pk10: 76.17999999999999
pk: 76.17999999999999
pk_avg: 68.092
