pk1: 63.1678486997636
pk2: 71.65484633569739
pk3: 82.12765957446808
pk4: 94.32624113475177
pk5: 96.59574468085107
pk6: 97.87234042553192
pk7: 98.51063829787235
pk8: 99.14893617021276
pk9: 99.36170212765957
pk10: 99.36170212765957
pk: 99.36170212765957
pk_avg: 90.2127659574468
