pk1: 54.85999999999999
pk2: 59.779999999999994
pk3: 61.08
pk4: 64.66
pk5: 66.06
pk6: 67.74
pk7: 67.24
pk8: 69.79999999999998
pk9: 71.98
pk10: 71.9
pk: 71.9
pk_avg: 65.50999999999999
