pk1: 68.27423167848701
pk2: 71.56028368794327
pk3: 92.12765957446808
pk4: 96.80851063829788
pk5: 98.36879432624113
pk6: 98.65248226950355
pk7: 99.43262411347517
pk8: 99.64539007092199
pk9: 99.57446808510639
pk10: 99.64539007092199
pk: 99.64539007092199
pk_avg: 92.40898345153663
