pk1: 68.03782505910165
pk2: 72.19858156028369
pk3: 77.37588652482269
pk4: 82.81323877068559
pk5: 89.9290780141844
pk6: 92.05673758865248
pk7: 93.97163120567376
pk8: 95.48463356973994
pk9: 95.31914893617021
pk10: 97.37588652482269
pk: 97.37588652482269
pk_avg: 86.45626477541371
