pk1: 60.52009456264774
pk2: 65.91016548463357
pk3: 83.52245862884162
pk4: 93.1678486997636
pk5: 96.87943262411348
pk6: 98.22695035460993
pk7: 97.80141843971631
pk8: 99.14893617021276
pk9: 98.41607565011822
pk10: 99.36170212765957
pk: 99.36170212765957
pk_avg: 89.29550827423168
