pk1: 54.46
pk2: 60.760000000000005
pk3: 63.2
pk4: 67.9
pk5: 71.22
pk6: 77.9
pk7: 78.88000000000001
pk8: 80.5
pk9: 81.58
pk10: 82.96
pk: 82.96
pk_avg: 71.936
