pk1: 41.32387706855791
pk2: 56.35933806146572
pk3: 59.763593380614665
pk4: 61.98581560283688
pk5: 60.236406619385335
pk6: 63.40425531914894
pk7: 63.35697399527186
pk8: 61.843971631205676
pk9: 65.5082742316785
pk10: 64.22492401215806
pk: 64.22492401215806
pk_avg: 59.80074299223236
