pk1: 67.23404255319149
pk2: 70.87470449172577
pk: 74.08983451536643
pk_avg: 69.05437352245863
