pk1: 57.14
pk2: 62.14
pk3: 64.5
pk4: 68.47999999999999
pk5: 72.49999999999999
pk6: 73.02000000000001
pk7: 74.88
pk8: 79.46000000000001
pk9: 81.96000000000001
pk10: 83.2
pk: 83.2
pk_avg: 71.72800000000001
