pk1: 59.160000000000004
pk2: 61.739999999999995
pk3: 65.22
pk4: 68.28
pk5: 72.84
pk6: 77.58000000000001
pk7: 79.28000000000002
pk8: 82.84
pk9: 82.8
pk10: 86.62
pk: 86.62
pk_avg: 73.636
