pk1: 56.0
pk2: 61.44
pk3: 64.58000000000001
pk4: 68.78
pk5: 75.6
pk6: 76.96
pk7: 80.18
pk8: 84.11999999999998
pk9: 84.25999999999999
pk10: 84.53999999999999
pk: 84.53999999999999
pk_avg: 73.646
