pk1: 61.98
pk2: 64.94000000000001
pk3: 71.12
pk4: 78.46000000000001
pk5: 83.5
pk6: 87.74000000000001
pk7: 90.74
pk8: 91.44000000000001
pk9: 92.98000000000002
pk10: 95.28
pk: 95.28
pk_avg: 81.81800000000001
