pk1: 59.05999999999999
pk2: 64.52000000000001
pk3: 67.02
pk4: 72.14000000000001
pk5: 75.97999999999999
pk6: 78.46000000000001
pk7: 80.76
pk8: 83.0
pk9: 84.44
pk10: 85.84
pk: 85.84
pk_avg: 75.12200000000001
