pk1: 72.19858156028369
pk2: 75.08274231678487
pk3: 82.52955082742318
pk4: 86.99763593380615
pk5: 87.80141843971631
pk6: 89.55082742316786
pk7: 92.41134751773049
pk8: 93.68794326241135
pk9: 94.46808510638297
pk10: 96.09929078014184
pk: 96.09929078014184
pk_avg: 87.08274231678487
