pk1: 64.51536643026006
pk2: 70.70921985815603
pk3: 86.57210401891254
pk4: 94.32624113475177
pk5: 96.95035460992908
pk6: 97.94326241134752
pk7: 98.51063829787235
pk8: 98.93617021276596
pk9: 99.29078014184397
pk10: 99.7872340425532
pk: 99.7872340425532
pk_avg: 90.75413711583926
