pk1: 65.76832151300235
pk2: 73.26241134751773
pk3: 87.44680851063829
pk4: 93.68794326241135
pk5: 95.39007092198581
pk6: 97.44680851063829
pk7: 98.43971631205673
pk8: 98.36879432624113
pk9: 99.14893617021276
pk10: 99.26038500506586
pk: 99.26038500506586
pk_avg: 90.82201958797702
