pk1: 69.71631205673759
pk2: 73.096926713948
pk3: 78.98345153664303
pk4: 82.90780141843972
pk5: 82.24586288416077
pk6: 85.4373522458629
pk7: 88.84160756501183
pk8: 89.00709219858156
pk9: 90.73286052009455
pk10: 90.78014184397163
pk: 90.78014184397163
pk_avg: 83.17494089834516
