pk1: 48.84
pk2: 54.96
pk3: 58.44
pk4: 63.9
pk5: 64.53999999999999
pk6: 67.34
pk7: 70.42
pk8: 73.26
pk9: 73.75999999999999
pk10: 76.72000000000001
pk: 76.72000000000001
pk_avg: 65.218
