pk1: 54.70000000000001
pk2: 60.11999999999999
pk3: 61.96
pk4: 66.24000000000001
pk5: 68.62
pk6: 74.76
pk7: 73.58
pk8: 76.94000000000001
pk9: 78.34
pk10: 79.16
pk: 79.16
pk_avg: 69.442
