pk1: 71.7966903073286
pk2: 76.78486997635935
pk3: 84.9645390070922
pk4: 86.95035460992908
pk5: 90.70921985815603
pk6: 92.97872340425532
pk7: 93.97163120567376
pk8: 95.88652482269504
pk9: 95.2955082742317
pk10: 96.66666666666667
pk: 96.66666666666667
pk_avg: 88.60047281323877
