pk1: 75.31914893617021
pk2: 84.79905437352247
pk3: 92.26950354609929
pk4: 94.25531914893617
pk5: 95.177304964539
pk6: 95.86288416075651
pk7: 97.02127659574468
pk8: 98.51063829787235
pk9: 98.86524822695036
pk10: 99.07801418439716
pk: 99.07801418439716
pk_avg: 93.11583924349881
