pk1: 62.660000000000004
pk2: 67.06
pk3: 71.7
pk4: 80.36
pk5: 85.94
pk6: 88.56
pk7: 89.44000000000001
pk8: 90.97999999999999
pk9: 92.08000000000001
pk10: 93.8
pk: 93.8
pk_avg: 82.25800000000001
