pk1: 69.83451536643027
pk2: 76.17021276595744
pk3: 82.41134751773049
pk4: 86.59574468085107
pk5: 89.19621749408984
pk6: 89.76359338061467
pk7: 92.24586288416077
pk8: 94.53900709219859
pk9: 94.46808510638297
pk10: 95.46099290780141
pk: 95.46099290780141
pk_avg: 87.06855791962175
