pk1: 65.69739952718675
pk2: 70.99290780141844
pk3: 87.37588652482269
pk4: 93.90070921985816
pk5: 96.73758865248227
pk6: 97.94326241134752
pk7: 98.65248226950355
pk8: 99.64539007092199
pk9: 99.36170212765957
pk10: 99.71631205673759
pk: 99.71631205673759
pk_avg: 91.00236406619385
