pk1: 71.67848699763594
pk2: 78.0614657210402
pk3: 87.02127659574468
pk4: 91.34751773049645
pk5: 93.33333333333333
pk6: 94.68085106382979
pk7: 95.0354609929078
pk8: 97.06855791962175
pk9: 97.30496453900709
pk10: 97.87234042553192
pk: 97.87234042553192
pk_avg: 90.34042553191489
