pk1: 63.97163120567376
pk2: 69.62174940898346
pk3: 85.53191489361703
pk4: 94.68085106382979
pk5: 98.29787234042553
pk6: 98.86524822695036
pk7: 99.64539007092199
pk8: 99.64539007092199
pk9: 99.64539007092199
pk10: 99.71631205673759
pk: 99.71631205673759
pk_avg: 90.96217494089835
