pk1: 71.63120567375887
pk2: 75.7919621749409
pk3: 83.04964539007092
pk4: 85.39007092198581
pk5: 85.31914893617021
pk6: 90.26004728132389
pk7: 90.49645390070921
pk8: 91.98581560283688
pk9: 91.60756501182034
pk10: 93.75886524822695
pk: 93.75886524822695
pk_avg: 85.9290780141844
