pk1: 76.24113475177305
pk2: 83.90070921985816
pk3: 91.34751773049645
pk4: 91.91489361702128
pk5: 94.60992907801419
pk6: 96.24113475177305
pk7: 96.38297872340425
pk8: 97.23404255319149
pk9: 98.08510638297872
pk10: 97.73049645390071
pk: 97.73049645390071
pk_avg: 92.36879432624114
