pk1: 66.19385342789597
pk2: 73.096926713948
pk3: 89.00709219858156
pk4: 97.80141843971631
pk5: 98.58156028368795
pk6: 99.07801418439716
pk7: 99.50354609929079
pk8: 99.8581560283688
pk9: 99.64539007092199
pk10: 99.7872340425532
pk: 99.7872340425532
pk_avg: 92.25531914893618
