pk1: 56.92
pk2: 63.36
pk3: 65.54
pk4: 70.72
pk5: 74.22
pk6: 76.34
pk7: 78.54
pk8: 81.92
pk9: 84.84
pk10: 85.67999999999999
pk: 85.67999999999999
pk_avg: 73.80799999999999
