pk1: 60.61999999999999
pk2: 64.78
pk3: 69.16
pk4: 74.33999999999999
pk5: 78.66
pk6: 82.02000000000001
pk7: 85.97999999999999
pk8: 88.60000000000001
pk9: 87.4
pk10: 90.02000000000001
pk: 90.02000000000001
pk_avg: 78.15799999999999
