pk1: 68.55791962174942
pk2: 74.7044917257683
pk3: 82.69503546099291
pk4: 86.28841607565013
pk5: 90.1418439716312
pk6: 92.26950354609929
pk7: 94.7517730496454
pk8: 96.17021276595744
pk9: 95.5791962174941
pk10: 97.73049645390071
pk: 97.73049645390071
pk_avg: 87.8888888888889
