pk1: 60.919999999999995
pk2: 66.22
pk3: 69.96
pk4: 76.9
pk5: 78.78
pk6: 81.84
pk7: 83.99999999999999
pk8: 87.36000000000001
pk9: 88.22
pk10: 89.66
pk: 89.66
pk_avg: 78.386
