pk1: 52.52
pk2: 55.760000000000005
pk3: 60.42
pk4: 62.8
pk5: 65.92
pk6: 68.99999999999999
pk7: 69.17999999999999
pk8: 71.34
pk9: 71.03999999999999
pk10: 73.17999999999999
pk: 73.17999999999999
pk_avg: 65.11599999999999
