pk1: 71.98581560283688
pk2: 78.91252955082743
pk3: 88.77068557919623
pk4: 91.60756501182034
pk5: 92.26950354609929
pk6: 95.7210401891253
pk7: 96.09929078014184
pk8: 97.51773049645391
pk9: 98.01418439716312
pk10: 99.07801418439716
pk: 99.07801418439716
pk_avg: 90.99763593380615
