pk1: 57.98
pk2: 64.28
pk3: 68.12
pk4: 74.3
pk5: 76.38
pk6: 81.02000000000001
pk7: 82.88
pk8: 83.9
pk9: 83.9
pk10: 86.56
pk: 86.56
pk_avg: 75.93199999999999
