pk1: 50.260000000000005
pk2: 56.31999999999999
pk3: 58.8
pk4: 60.499999999999986
pk5: 61.739999999999995
pk6: 63.68000000000001
pk7: 63.7
pk8: 65.53999999999999
pk9: 66.16
pk10: 69.82000000000001
pk: 69.82000000000001
pk_avg: 61.65200000000001
